IJ  E00  n00   NumNP  NumEl NMAt  BC  GasBCTop   GasBCBottom
 10 1   1  690   612  0  -7   -4   1
x(j): 
 0  0.75  1.7999999999999998  3.2699999999999996  5.327999999999999  8.2092  12.242879999999998  17.890031999999994  25.79604479999999  37.5 
y(i): 1->(NumNP-n00)/IJ+1
 200  199 
 198 
 195  192 
 190  188 
 185  182  178.997 
 175  171.003  168 
 165  162 
 160  158 
 155  152 
 150  148 
 145  142  138.997  135.991  132.98199 
 130  127.01801  124.009  121.003  118 
 115  112  108.997  105.991  102.98199 
 100  97.01801  94.009  91.003  88 
 85  82  78.997  75.991  72.98199  69.96997 
 67.5  65.03003  62.01801  59.009  56.003  53 
 50  47  43.997  40.991  37.98199  34.96997  31.95494  28.93689 
 25  21.06311  18.04506  15.03003  12.01801  9.009  6.003  3 