***************** GRID GENERATOR INFORMATION **********************************************
KAT   NumNP    NumEl   NumBP    IJ   NumMat
  2     690     612      20     10      0
   n           x          y      MatNum
    1        0.00      200.00       1
    2        0.75      200.00       1
    3        1.80      200.00       1
    4        3.27      200.00       1
    5        5.33      200.00       1
    6        8.21      200.00       1
    7       12.24      200.00       1
    8       17.89      200.00       1
    9       25.80      200.00       1
   10       37.50      200.00       1
   11        0.00      199.00       1
   12        0.75      199.00       1
   13        1.80      199.00       1
   14        3.27      199.00       1
   15        5.33      199.00       1
   16        8.21      199.00       1
   17       12.24      199.00       1
   18       17.89      199.00       1
   19       25.80      199.00       1
   20       37.50      199.00       1
   21        0.00      198.00       1
   22        0.75      198.00       1
   23        1.80      198.00       1
   24        3.27      198.00       1
   25        5.33      198.00       1
   26        8.21      198.00       1
   27       12.24      198.00       1
   28       17.89      198.00       1
   29       25.80      198.00       1
   30       37.50      198.00       1
   31        0.00      195.00       1
   32        0.75      195.00       1
   33        1.80      195.00       1
   34        3.27      195.00       1
   35        5.33      195.00       1
   36        8.21      195.00       1
   37       12.24      195.00       1
   38       17.89      195.00       1
   39       25.80      195.00       1
   40       37.50      195.00       1
   41        0.00      192.00       1
   42        0.75      192.00       1
   43        1.80      192.00       1
   44        3.27      192.00       1
   45        5.33      192.00       1
   46        8.21      192.00       1
   47       12.24      192.00       1
   48       17.89      192.00       1
   49       25.80      192.00       1
   50       37.50      192.00       1
   51        0.00      190.00       1
   52        0.75      190.00       1
   53        1.80      190.00       1
   54        3.27      190.00       1
   55        5.33      190.00       1
   56        8.21      190.00       1
   57       12.24      190.00       1
   58       17.89      190.00       1
   59       25.80      190.00       1
   60       37.50      190.00       1
   61        0.00      188.00       1
   62        0.75      188.00       1
   63        1.80      188.00       1
   64        3.27      188.00       1
   65        5.33      188.00       1
   66        8.21      188.00       1
   67       12.24      188.00       1
   68       17.89      188.00       1
   69       25.80      188.00       1
   70       37.50      188.00       1
   71        0.00      185.00       1
   72        0.75      185.00       1
   73        1.80      185.00       1
   74        3.27      185.00       1
   75        5.33      185.00       1
   76        8.21      185.00       1
   77       12.24      185.00       1
   78       17.89      185.00       1
   79       25.80      185.00       1
   80       37.50      185.00       1
   81        0.00      182.00       1
   82        0.75      182.00       1
   83        1.80      182.00       1
   84        3.27      182.00       1
   85        5.33      182.00       1
   86        8.21      182.00       1
   87       12.24      182.00       1
   88       17.89      182.00       1
   89       25.80      182.00       1
   90       37.50      182.00       1
   91        0.00      179.00       1
   92        0.75      179.00       1
   93        1.80      179.00       1
   94        3.27      179.00       1
   95        5.33      179.00       1
   96        8.21      179.00       1
   97       12.24      179.00       1
   98       17.89      179.00       1
   99       25.80      179.00       1
  100       37.50      179.00       1
  101        0.00      175.00       1
  102        0.75      175.00       1
  103        1.80      175.00       1
  104        3.27      175.00       1
  105        5.33      175.00       1
  106        8.21      175.00       1
  107       12.24      175.00       1
  108       17.89      175.00       1
  109       25.80      175.00       1
  110       37.50      175.00       1
  111        0.00      171.00       1
  112        0.75      171.00       1
  113        1.80      171.00       1
  114        3.27      171.00       1
  115        5.33      171.00       1
  116        8.21      171.00       1
  117       12.24      171.00       1
  118       17.89      171.00       1
  119       25.80      171.00       1
  120       37.50      171.00       1
  121        0.00      168.00       1
  122        0.75      168.00       1
  123        1.80      168.00       1
  124        3.27      168.00       1
  125        5.33      168.00       1
  126        8.21      168.00       1
  127       12.24      168.00       1
  128       17.89      168.00       1
  129       25.80      168.00       1
  130       37.50      168.00       1
  131        0.00      165.00       1
  132        0.75      165.00       1
  133        1.80      165.00       1
  134        3.27      165.00       1
  135        5.33      165.00       1
  136        8.21      165.00       1
  137       12.24      165.00       1
  138       17.89      165.00       1
  139       25.80      165.00       1
  140       37.50      165.00       1
  141        0.00      162.00       1
  142        0.75      162.00       1
  143        1.80      162.00       1
  144        3.27      162.00       1
  145        5.33      162.00       1
  146        8.21      162.00       1
  147       12.24      162.00       1
  148       17.89      162.00       1
  149       25.80      162.00       1
  150       37.50      162.00       1
  151        0.00      160.00       1
  152        0.75      160.00       1
  153        1.80      160.00       1
  154        3.27      160.00       1
  155        5.33      160.00       1
  156        8.21      160.00       1
  157       12.24      160.00       1
  158       17.89      160.00       1
  159       25.80      160.00       1
  160       37.50      160.00       1
  161        0.00      158.00       1
  162        0.75      158.00       1
  163        1.80      158.00       1
  164        3.27      158.00       1
  165        5.33      158.00       1
  166        8.21      158.00       1
  167       12.24      158.00       1
  168       17.89      158.00       1
  169       25.80      158.00       1
  170       37.50      158.00       1
  171        0.00      155.00       1
  172        0.75      155.00       1
  173        1.80      155.00       1
  174        3.27      155.00       1
  175        5.33      155.00       1
  176        8.21      155.00       1
  177       12.24      155.00       1
  178       17.89      155.00       1
  179       25.80      155.00       1
  180       37.50      155.00       1
  181        0.00      152.00       1
  182        0.75      152.00       1
  183        1.80      152.00       1
  184        3.27      152.00       1
  185        5.33      152.00       1
  186        8.21      152.00       1
  187       12.24      152.00       1
  188       17.89      152.00       1
  189       25.80      152.00       1
  190       37.50      152.00       1
  191        0.00      150.00       1
  192        0.75      150.00       1
  193        1.80      150.00       1
  194        3.27      150.00       1
  195        5.33      150.00       1
  196        8.21      150.00       1
  197       12.24      150.00       1
  198       17.89      150.00       1
  199       25.80      150.00       1
  200       37.50      150.00       1
  201        0.00      148.00       1
  202        0.75      148.00       1
  203        1.80      148.00       1
  204        3.27      148.00       1
  205        5.33      148.00       1
  206        8.21      148.00       1
  207       12.24      148.00       1
  208       17.89      148.00       1
  209       25.80      148.00       1
  210       37.50      148.00       1
  211        0.00      145.00       1
  212        0.75      145.00       1
  213        1.80      145.00       1
  214        3.27      145.00       1
  215        5.33      145.00       1
  216        8.21      145.00       1
  217       12.24      145.00       1
  218       17.89      145.00       1
  219       25.80      145.00       1
  220       37.50      145.00       1
  221        0.00      142.00       1
  222        0.75      142.00       1
  223        1.80      142.00       1
  224        3.27      142.00       1
  225        5.33      142.00       1
  226        8.21      142.00       1
  227       12.24      142.00       1
  228       17.89      142.00       1
  229       25.80      142.00       1
  230       37.50      142.00       1
  231        0.00      139.00       1
  232        0.75      139.00       1
  233        1.80      139.00       1
  234        3.27      139.00       1
  235        5.33      139.00       1
  236        8.21      139.00       1
  237       12.24      139.00       1
  238       17.89      139.00       1
  239       25.80      139.00       1
  240       37.50      139.00       1
  241        0.00      135.99       1
  242        0.75      135.99       1
  243        1.80      135.99       1
  244        3.27      135.99       1
  245        5.33      135.99       1
  246        8.21      135.99       1
  247       12.24      135.99       1
  248       17.89      135.99       1
  249       25.80      135.99       1
  250       37.50      135.99       1
  251        0.00      132.98       1
  252        0.75      132.98       1
  253        1.80      132.98       1
  254        3.27      132.98       1
  255        5.33      132.98       1
  256        8.21      132.98       1
  257       12.24      132.98       1
  258       17.89      132.98       1
  259       25.80      132.98       1
  260       37.50      132.98       1
  261        0.00      130.00       1
  262        0.75      130.00       1
  263        1.80      130.00       1
  264        3.27      130.00       1
  265        5.33      130.00       1
  266        8.21      130.00       1
  267       12.24      130.00       1
  268       17.89      130.00       1
  269       25.80      130.00       1
  270       37.50      130.00       1
  271        0.00      127.02       1
  272        0.75      127.02       1
  273        1.80      127.02       1
  274        3.27      127.02       1
  275        5.33      127.02       1
  276        8.21      127.02       1
  277       12.24      127.02       1
  278       17.89      127.02       1
  279       25.80      127.02       1
  280       37.50      127.02       1
  281        0.00      124.01       1
  282        0.75      124.01       1
  283        1.80      124.01       1
  284        3.27      124.01       1
  285        5.33      124.01       1
  286        8.21      124.01       1
  287       12.24      124.01       1
  288       17.89      124.01       1
  289       25.80      124.01       1
  290       37.50      124.01       1
  291        0.00      121.00       1
  292        0.75      121.00       1
  293        1.80      121.00       1
  294        3.27      121.00       1
  295        5.33      121.00       1
  296        8.21      121.00       1
  297       12.24      121.00       1
  298       17.89      121.00       1
  299       25.80      121.00       1
  300       37.50      121.00       1
  301        0.00      118.00       1
  302        0.75      118.00       1
  303        1.80      118.00       1
  304        3.27      118.00       1
  305        5.33      118.00       1
  306        8.21      118.00       1
  307       12.24      118.00       1
  308       17.89      118.00       1
  309       25.80      118.00       1
  310       37.50      118.00       1
  311        0.00      115.00       1
  312        0.75      115.00       1
  313        1.80      115.00       1
  314        3.27      115.00       1
  315        5.33      115.00       1
  316        8.21      115.00       1
  317       12.24      115.00       1
  318       17.89      115.00       1
  319       25.80      115.00       1
  320       37.50      115.00       1
  321        0.00      112.00       1
  322        0.75      112.00       1
  323        1.80      112.00       1
  324        3.27      112.00       1
  325        5.33      112.00       1
  326        8.21      112.00       1
  327       12.24      112.00       1
  328       17.89      112.00       1
  329       25.80      112.00       1
  330       37.50      112.00       1
  331        0.00      109.00       1
  332        0.75      109.00       1
  333        1.80      109.00       1
  334        3.27      109.00       1
  335        5.33      109.00       1
  336        8.21      109.00       1
  337       12.24      109.00       1
  338       17.89      109.00       1
  339       25.80      109.00       1
  340       37.50      109.00       1
  341        0.00      105.99       1
  342        0.75      105.99       1
  343        1.80      105.99       1
  344        3.27      105.99       1
  345        5.33      105.99       1
  346        8.21      105.99       1
  347       12.24      105.99       1
  348       17.89      105.99       1
  349       25.80      105.99       1
  350       37.50      105.99       1
  351        0.00      102.98       1
  352        0.75      102.98       1
  353        1.80      102.98       1
  354        3.27      102.98       1
  355        5.33      102.98       1
  356        8.21      102.98       1
  357       12.24      102.98       1
  358       17.89      102.98       1
  359       25.80      102.98       1
  360       37.50      102.98       1
  361        0.00      100.00       1
  362        0.75      100.00       1
  363        1.80      100.00       1
  364        3.27      100.00       1
  365        5.33      100.00       1
  366        8.21      100.00       1
  367       12.24      100.00       1
  368       17.89      100.00       1
  369       25.80      100.00       1
  370       37.50      100.00       1
  371        0.00       97.02       1
  372        0.75       97.02       1
  373        1.80       97.02       1
  374        3.27       97.02       1
  375        5.33       97.02       1
  376        8.21       97.02       1
  377       12.24       97.02       1
  378       17.89       97.02       1
  379       25.80       97.02       1
  380       37.50       97.02       1
  381        0.00       94.01       1
  382        0.75       94.01       1
  383        1.80       94.01       1
  384        3.27       94.01       1
  385        5.33       94.01       1
  386        8.21       94.01       1
  387       12.24       94.01       1
  388       17.89       94.01       1
  389       25.80       94.01       1
  390       37.50       94.01       1
  391        0.00       91.00       1
  392        0.75       91.00       1
  393        1.80       91.00       1
  394        3.27       91.00       1
  395        5.33       91.00       1
  396        8.21       91.00       1
  397       12.24       91.00       1
  398       17.89       91.00       1
  399       25.80       91.00       1
  400       37.50       91.00       1
  401        0.00       88.00       1
  402        0.75       88.00       1
  403        1.80       88.00       1
  404        3.27       88.00       1
  405        5.33       88.00       1
  406        8.21       88.00       1
  407       12.24       88.00       1
  408       17.89       88.00       1
  409       25.80       88.00       1
  410       37.50       88.00       1
  411        0.00       85.00       1
  412        0.75       85.00       1
  413        1.80       85.00       1
  414        3.27       85.00       1
  415        5.33       85.00       1
  416        8.21       85.00       1
  417       12.24       85.00       1
  418       17.89       85.00       1
  419       25.80       85.00       1
  420       37.50       85.00       1
  421        0.00       82.00       1
  422        0.75       82.00       1
  423        1.80       82.00       1
  424        3.27       82.00       1
  425        5.33       82.00       1
  426        8.21       82.00       1
  427       12.24       82.00       1
  428       17.89       82.00       1
  429       25.80       82.00       1
  430       37.50       82.00       1
  431        0.00       79.00       1
  432        0.75       79.00       1
  433        1.80       79.00       1
  434        3.27       79.00       1
  435        5.33       79.00       1
  436        8.21       79.00       1
  437       12.24       79.00       1
  438       17.89       79.00       1
  439       25.80       79.00       1
  440       37.50       79.00       1
  441        0.00       75.99       1
  442        0.75       75.99       1
  443        1.80       75.99       1
  444        3.27       75.99       1
  445        5.33       75.99       1
  446        8.21       75.99       1
  447       12.24       75.99       1
  448       17.89       75.99       1
  449       25.80       75.99       1
  450       37.50       75.99       1
  451        0.00       72.98       1
  452        0.75       72.98       1
  453        1.80       72.98       1
  454        3.27       72.98       1
  455        5.33       72.98       1
  456        8.21       72.98       1
  457       12.24       72.98       1
  458       17.89       72.98       1
  459       25.80       72.98       1
  460       37.50       72.98       1
  461        0.00       69.97       1
  462        0.75       69.97       1
  463        1.80       69.97       1
  464        3.27       69.97       1
  465        5.33       69.97       1
  466        8.21       69.97       1
  467       12.24       69.97       1
  468       17.89       69.97       1
  469       25.80       69.97       1
  470       37.50       69.97       1
  471        0.00       67.50       1
  472        0.75       67.50       1
  473        1.80       67.50       1
  474        3.27       67.50       1
  475        5.33       67.50       1
  476        8.21       67.50       1
  477       12.24       67.50       1
  478       17.89       67.50       1
  479       25.80       67.50       1
  480       37.50       67.50       1
  481        0.00       65.03       1
  482        0.75       65.03       1
  483        1.80       65.03       1
  484        3.27       65.03       1
  485        5.33       65.03       1
  486        8.21       65.03       1
  487       12.24       65.03       1
  488       17.89       65.03       1
  489       25.80       65.03       1
  490       37.50       65.03       1
  491        0.00       62.02       1
  492        0.75       62.02       1
  493        1.80       62.02       1
  494        3.27       62.02       1
  495        5.33       62.02       1
  496        8.21       62.02       1
  497       12.24       62.02       1
  498       17.89       62.02       1
  499       25.80       62.02       1
  500       37.50       62.02       1
  501        0.00       59.01       1
  502        0.75       59.01       1
  503        1.80       59.01       1
  504        3.27       59.01       1
  505        5.33       59.01       1
  506        8.21       59.01       1
  507       12.24       59.01       1
  508       17.89       59.01       1
  509       25.80       59.01       1
  510       37.50       59.01       1
  511        0.00       56.00       1
  512        0.75       56.00       1
  513        1.80       56.00       1
  514        3.27       56.00       1
  515        5.33       56.00       1
  516        8.21       56.00       1
  517       12.24       56.00       1
  518       17.89       56.00       1
  519       25.80       56.00       1
  520       37.50       56.00       1
  521        0.00       53.00       1
  522        0.75       53.00       1
  523        1.80       53.00       1
  524        3.27       53.00       1
  525        5.33       53.00       1
  526        8.21       53.00       1
  527       12.24       53.00       1
  528       17.89       53.00       1
  529       25.80       53.00       1
  530       37.50       53.00       1
  531        0.00       50.00       1
  532        0.75       50.00       1
  533        1.80       50.00       1
  534        3.27       50.00       1
  535        5.33       50.00       1
  536        8.21       50.00       1
  537       12.24       50.00       1
  538       17.89       50.00       1
  539       25.80       50.00       1
  540       37.50       50.00       1
  541        0.00       47.00       1
  542        0.75       47.00       1
  543        1.80       47.00       1
  544        3.27       47.00       1
  545        5.33       47.00       1
  546        8.21       47.00       1
  547       12.24       47.00       1
  548       17.89       47.00       1
  549       25.80       47.00       1
  550       37.50       47.00       1
  551        0.00       44.00       1
  552        0.75       44.00       1
  553        1.80       44.00       1
  554        3.27       44.00       1
  555        5.33       44.00       1
  556        8.21       44.00       1
  557       12.24       44.00       1
  558       17.89       44.00       1
  559       25.80       44.00       1
  560       37.50       44.00       1
  561        0.00       40.99       1
  562        0.75       40.99       1
  563        1.80       40.99       1
  564        3.27       40.99       1
  565        5.33       40.99       1
  566        8.21       40.99       1
  567       12.24       40.99       1
  568       17.89       40.99       1
  569       25.80       40.99       1
  570       37.50       40.99       1
  571        0.00       37.98       1
  572        0.75       37.98       1
  573        1.80       37.98       1
  574        3.27       37.98       1
  575        5.33       37.98       1
  576        8.21       37.98       1
  577       12.24       37.98       1
  578       17.89       37.98       1
  579       25.80       37.98       1
  580       37.50       37.98       1
  581        0.00       34.97       1
  582        0.75       34.97       1
  583        1.80       34.97       1
  584        3.27       34.97       1
  585        5.33       34.97       1
  586        8.21       34.97       1
  587       12.24       34.97       1
  588       17.89       34.97       1
  589       25.80       34.97       1
  590       37.50       34.97       1
  591        0.00       31.95       1
  592        0.75       31.95       1
  593        1.80       31.95       1
  594        3.27       31.95       1
  595        5.33       31.95       1
  596        8.21       31.95       1
  597       12.24       31.95       1
  598       17.89       31.95       1
  599       25.80       31.95       1
  600       37.50       31.95       1
  601        0.00       28.94       1
  602        0.75       28.94       1
  603        1.80       28.94       1
  604        3.27       28.94       1
  605        5.33       28.94       1
  606        8.21       28.94       1
  607       12.24       28.94       1
  608       17.89       28.94       1
  609       25.80       28.94       1
  610       37.50       28.94       1
  611        0.00       25.00       1
  612        0.75       25.00       1
  613        1.80       25.00       1
  614        3.27       25.00       1
  615        5.33       25.00       1
  616        8.21       25.00       1
  617       12.24       25.00       1
  618       17.89       25.00       1
  619       25.80       25.00       1
  620       37.50       25.00       1
  621        0.00       21.06       1
  622        0.75       21.06       1
  623        1.80       21.06       1
  624        3.27       21.06       1
  625        5.33       21.06       1
  626        8.21       21.06       1
  627       12.24       21.06       1
  628       17.89       21.06       1
  629       25.80       21.06       1
  630       37.50       21.06       1
  631        0.00       18.05       1
  632        0.75       18.05       1
  633        1.80       18.05       1
  634        3.27       18.05       1
  635        5.33       18.05       1
  636        8.21       18.05       1
  637       12.24       18.05       1
  638       17.89       18.05       1
  639       25.80       18.05       1
  640       37.50       18.05       1
  641        0.00       15.03       1
  642        0.75       15.03       1
  643        1.80       15.03       1
  644        3.27       15.03       1
  645        5.33       15.03       1
  646        8.21       15.03       1
  647       12.24       15.03       1
  648       17.89       15.03       1
  649       25.80       15.03       1
  650       37.50       15.03       1
  651        0.00       12.02       1
  652        0.75       12.02       1
  653        1.80       12.02       1
  654        3.27       12.02       1
  655        5.33       12.02       1
  656        8.21       12.02       1
  657       12.24       12.02       1
  658       17.89       12.02       1
  659       25.80       12.02       1
  660       37.50       12.02       1
  661        0.00        9.01       1
  662        0.75        9.01       1
  663        1.80        9.01       1
  664        3.27        9.01       1
  665        5.33        9.01       1
  666        8.21        9.01       1
  667       12.24        9.01       1
  668       17.89        9.01       1
  669       25.80        9.01       1
  670       37.50        9.01       1
  671        0.00        6.00       1
  672        0.75        6.00       1
  673        1.80        6.00       1
  674        3.27        6.00       1
  675        5.33        6.00       1
  676        8.21        6.00       1
  677       12.24        6.00       1
  678       17.89        6.00       1
  679       25.80        6.00       1
  680       37.50        6.00       1
  681        0.00        3.00       1
  682        0.75        3.00       1
  683        1.80        3.00       1
  684        3.27        3.00       1
  685        5.33        3.00       1
  686        8.21        3.00       1
  687       12.24        3.00       1
  688       17.89        3.00       1
  689       25.80        3.00       1
  690       37.50        3.00       1
***************** ELEMENT INFORMATION ******************************************************
         e         i         j         k         l     MatNumE
         1         1        11        12         2         1
         2         2        12        13         3         1
         3         3        13        14         4         1
         4         4        14        15         5         1
         5         5        15        16         6         1
         6         6        16        17         7         1
         7         7        17        18         8         1
         8         8        18        19         9         1
         9         9        19        20        10         1
        10        11        21        22        12         1
        11        12        22        23        13         1
        12        13        23        24        14         1
        13        14        24        25        15         1
        14        15        25        26        16         1
        15        16        26        27        17         1
        16        17        27        28        18         1
        17        18        28        29        19         1
        18        19        29        30        20         1
        19        21        31        32        22         1
        20        22        32        33        23         1
        21        23        33        34        24         1
        22        24        34        35        25         1
        23        25        35        36        26         1
        24        26        36        37        27         1
        25        27        37        38        28         1
        26        28        38        39        29         1
        27        29        39        40        30         1
        28        31        41        42        32         1
        29        32        42        43        33         1
        30        33        43        44        34         1
        31        34        44        45        35         1
        32        35        45        46        36         1
        33        36        46        47        37         1
        34        37        47        48        38         1
        35        38        48        49        39         1
        36        39        49        50        40         1
        37        41        51        52        42         1
        38        42        52        53        43         1
        39        43        53        54        44         1
        40        44        54        55        45         1
        41        45        55        56        46         1
        42        46        56        57        47         1
        43        47        57        58        48         1
        44        48        58        59        49         1
        45        49        59        60        50         1
        46        51        61        62        52         1
        47        52        62        63        53         1
        48        53        63        64        54         1
        49        54        64        65        55         1
        50        55        65        66        56         1
        51        56        66        67        57         1
        52        57        67        68        58         1
        53        58        68        69        59         1
        54        59        69        70        60         1
        55        61        71        72        62         1
        56        62        72        73        63         1
        57        63        73        74        64         1
        58        64        74        75        65         1
        59        65        75        76        66         1
        60        66        76        77        67         1
        61        67        77        78        68         1
        62        68        78        79        69         1
        63        69        79        80        70         1
        64        71        81        82        72         1
        65        72        82        83        73         1
        66        73        83        84        74         1
        67        74        84        85        75         1
        68        75        85        86        76         1
        69        76        86        87        77         1
        70        77        87        88        78         1
        71        78        88        89        79         1
        72        79        89        90        80         1
        73        81        91        92        82         1
        74        82        92        93        83         1
        75        83        93        94        84         1
        76        84        94        95        85         1
        77        85        95        96        86         1
        78        86        96        97        87         1
        79        87        97        98        88         1
        80        88        98        99        89         1
        81        89        99       100        90         1
        82        91       101       102        92         1
        83        92       102       103        93         1
        84        93       103       104        94         1
        85        94       104       105        95         1
        86        95       105       106        96         1
        87        96       106       107        97         1
        88        97       107       108        98         1
        89        98       108       109        99         1
        90        99       109       110       100         1
        91       101       111       112       102         1
        92       102       112       113       103         1
        93       103       113       114       104         1
        94       104       114       115       105         1
        95       105       115       116       106         1
        96       106       116       117       107         1
        97       107       117       118       108         1
        98       108       118       119       109         1
        99       109       119       120       110         1
       100       111       121       122       112         1
       101       112       122       123       113         1
       102       113       123       124       114         1
       103       114       124       125       115         1
       104       115       125       126       116         1
       105       116       126       127       117         1
       106       117       127       128       118         1
       107       118       128       129       119         1
       108       119       129       130       120         1
       109       121       131       132       122         1
       110       122       132       133       123         1
       111       123       133       134       124         1
       112       124       134       135       125         1
       113       125       135       136       126         1
       114       126       136       137       127         1
       115       127       137       138       128         1
       116       128       138       139       129         1
       117       129       139       140       130         1
       118       131       141       142       132         1
       119       132       142       143       133         1
       120       133       143       144       134         1
       121       134       144       145       135         1
       122       135       145       146       136         1
       123       136       146       147       137         1
       124       137       147       148       138         1
       125       138       148       149       139         1
       126       139       149       150       140         1
       127       141       151       152       142         1
       128       142       152       153       143         1
       129       143       153       154       144         1
       130       144       154       155       145         1
       131       145       155       156       146         1
       132       146       156       157       147         1
       133       147       157       158       148         1
       134       148       158       159       149         1
       135       149       159       160       150         1
       136       151       161       162       152         1
       137       152       162       163       153         1
       138       153       163       164       154         1
       139       154       164       165       155         1
       140       155       165       166       156         1
       141       156       166       167       157         1
       142       157       167       168       158         1
       143       158       168       169       159         1
       144       159       169       170       160         1
       145       161       171       172       162         1
       146       162       172       173       163         1
       147       163       173       174       164         1
       148       164       174       175       165         1
       149       165       175       176       166         1
       150       166       176       177       167         1
       151       167       177       178       168         1
       152       168       178       179       169         1
       153       169       179       180       170         1
       154       171       181       182       172         1
       155       172       182       183       173         1
       156       173       183       184       174         1
       157       174       184       185       175         1
       158       175       185       186       176         1
       159       176       186       187       177         1
       160       177       187       188       178         1
       161       178       188       189       179         1
       162       179       189       190       180         1
       163       181       191       192       182         1
       164       182       192       193       183         1
       165       183       193       194       184         1
       166       184       194       195       185         1
       167       185       195       196       186         1
       168       186       196       197       187         1
       169       187       197       198       188         1
       170       188       198       199       189         1
       171       189       199       200       190         1
       172       191       201       202       192         1
       173       192       202       203       193         1
       174       193       203       204       194         1
       175       194       204       205       195         1
       176       195       205       206       196         1
       177       196       206       207       197         1
       178       197       207       208       198         1
       179       198       208       209       199         1
       180       199       209       210       200         1
       181       201       211       212       202         1
       182       202       212       213       203         1
       183       203       213       214       204         1
       184       204       214       215       205         1
       185       205       215       216       206         1
       186       206       216       217       207         1
       187       207       217       218       208         1
       188       208       218       219       209         1
       189       209       219       220       210         1
       190       211       221       222       212         1
       191       212       222       223       213         1
       192       213       223       224       214         1
       193       214       224       225       215         1
       194       215       225       226       216         1
       195       216       226       227       217         1
       196       217       227       228       218         1
       197       218       228       229       219         1
       198       219       229       230       220         1
       199       221       231       232       222         1
       200       222       232       233       223         1
       201       223       233       234       224         1
       202       224       234       235       225         1
       203       225       235       236       226         1
       204       226       236       237       227         1
       205       227       237       238       228         1
       206       228       238       239       229         1
       207       229       239       240       230         1
       208       231       241       242       232         1
       209       232       242       243       233         1
       210       233       243       244       234         1
       211       234       244       245       235         1
       212       235       245       246       236         1
       213       236       246       247       237         1
       214       237       247       248       238         1
       215       238       248       249       239         1
       216       239       249       250       240         1
       217       241       251       252       242         1
       218       242       252       253       243         1
       219       243       253       254       244         1
       220       244       254       255       245         1
       221       245       255       256       246         1
       222       246       256       257       247         1
       223       247       257       258       248         1
       224       248       258       259       249         1
       225       249       259       260       250         1
       226       251       261       262       252         1
       227       252       262       263       253         1
       228       253       263       264       254         1
       229       254       264       265       255         1
       230       255       265       266       256         1
       231       256       266       267       257         1
       232       257       267       268       258         1
       233       258       268       269       259         1
       234       259       269       270       260         1
       235       261       271       272       262         1
       236       262       272       273       263         1
       237       263       273       274       264         1
       238       264       274       275       265         1
       239       265       275       276       266         1
       240       266       276       277       267         1
       241       267       277       278       268         1
       242       268       278       279       269         1
       243       269       279       280       270         1
       244       271       281       282       272         1
       245       272       282       283       273         1
       246       273       283       284       274         1
       247       274       284       285       275         1
       248       275       285       286       276         1
       249       276       286       287       277         1
       250       277       287       288       278         1
       251       278       288       289       279         1
       252       279       289       290       280         1
       253       281       291       292       282         1
       254       282       292       293       283         1
       255       283       293       294       284         1
       256       284       294       295       285         1
       257       285       295       296       286         1
       258       286       296       297       287         1
       259       287       297       298       288         1
       260       288       298       299       289         1
       261       289       299       300       290         1
       262       291       301       302       292         1
       263       292       302       303       293         1
       264       293       303       304       294         1
       265       294       304       305       295         1
       266       295       305       306       296         1
       267       296       306       307       297         1
       268       297       307       308       298         1
       269       298       308       309       299         1
       270       299       309       310       300         1
       271       301       311       312       302         1
       272       302       312       313       303         1
       273       303       313       314       304         1
       274       304       314       315       305         1
       275       305       315       316       306         1
       276       306       316       317       307         1
       277       307       317       318       308         1
       278       308       318       319       309         1
       279       309       319       320       310         1
       280       311       321       322       312         1
       281       312       322       323       313         1
       282       313       323       324       314         1
       283       314       324       325       315         1
       284       315       325       326       316         1
       285       316       326       327       317         1
       286       317       327       328       318         1
       287       318       328       329       319         1
       288       319       329       330       320         1
       289       321       331       332       322         1
       290       322       332       333       323         1
       291       323       333       334       324         1
       292       324       334       335       325         1
       293       325       335       336       326         1
       294       326       336       337       327         1
       295       327       337       338       328         1
       296       328       338       339       329         1
       297       329       339       340       330         1
       298       331       341       342       332         1
       299       332       342       343       333         1
       300       333       343       344       334         1
       301       334       344       345       335         1
       302       335       345       346       336         1
       303       336       346       347       337         1
       304       337       347       348       338         1
       305       338       348       349       339         1
       306       339       349       350       340         1
       307       341       351       352       342         1
       308       342       352       353       343         1
       309       343       353       354       344         1
       310       344       354       355       345         1
       311       345       355       356       346         1
       312       346       356       357       347         1
       313       347       357       358       348         1
       314       348       358       359       349         1
       315       349       359       360       350         1
       316       351       361       362       352         1
       317       352       362       363       353         1
       318       353       363       364       354         1
       319       354       364       365       355         1
       320       355       365       366       356         1
       321       356       366       367       357         1
       322       357       367       368       358         1
       323       358       368       369       359         1
       324       359       369       370       360         1
       325       361       371       372       362         1
       326       362       372       373       363         1
       327       363       373       374       364         1
       328       364       374       375       365         1
       329       365       375       376       366         1
       330       366       376       377       367         1
       331       367       377       378       368         1
       332       368       378       379       369         1
       333       369       379       380       370         1
       334       371       381       382       372         1
       335       372       382       383       373         1
       336       373       383       384       374         1
       337       374       384       385       375         1
       338       375       385       386       376         1
       339       376       386       387       377         1
       340       377       387       388       378         1
       341       378       388       389       379         1
       342       379       389       390       380         1
       343       381       391       392       382         1
       344       382       392       393       383         1
       345       383       393       394       384         1
       346       384       394       395       385         1
       347       385       395       396       386         1
       348       386       396       397       387         1
       349       387       397       398       388         1
       350       388       398       399       389         1
       351       389       399       400       390         1
       352       391       401       402       392         1
       353       392       402       403       393         1
       354       393       403       404       394         1
       355       394       404       405       395         1
       356       395       405       406       396         1
       357       396       406       407       397         1
       358       397       407       408       398         1
       359       398       408       409       399         1
       360       399       409       410       400         1
       361       401       411       412       402         1
       362       402       412       413       403         1
       363       403       413       414       404         1
       364       404       414       415       405         1
       365       405       415       416       406         1
       366       406       416       417       407         1
       367       407       417       418       408         1
       368       408       418       419       409         1
       369       409       419       420       410         1
       370       411       421       422       412         1
       371       412       422       423       413         1
       372       413       423       424       414         1
       373       414       424       425       415         1
       374       415       425       426       416         1
       375       416       426       427       417         1
       376       417       427       428       418         1
       377       418       428       429       419         1
       378       419       429       430       420         1
       379       421       431       432       422         1
       380       422       432       433       423         1
       381       423       433       434       424         1
       382       424       434       435       425         1
       383       425       435       436       426         1
       384       426       436       437       427         1
       385       427       437       438       428         1
       386       428       438       439       429         1
       387       429       439       440       430         1
       388       431       441       442       432         1
       389       432       442       443       433         1
       390       433       443       444       434         1
       391       434       444       445       435         1
       392       435       445       446       436         1
       393       436       446       447       437         1
       394       437       447       448       438         1
       395       438       448       449       439         1
       396       439       449       450       440         1
       397       441       451       452       442         1
       398       442       452       453       443         1
       399       443       453       454       444         1
       400       444       454       455       445         1
       401       445       455       456       446         1
       402       446       456       457       447         1
       403       447       457       458       448         1
       404       448       458       459       449         1
       405       449       459       460       450         1
       406       451       461       462       452         1
       407       452       462       463       453         1
       408       453       463       464       454         1
       409       454       464       465       455         1
       410       455       465       466       456         1
       411       456       466       467       457         1
       412       457       467       468       458         1
       413       458       468       469       459         1
       414       459       469       470       460         1
       415       461       471       472       462         1
       416       462       472       473       463         1
       417       463       473       474       464         1
       418       464       474       475       465         1
       419       465       475       476       466         1
       420       466       476       477       467         1
       421       467       477       478       468         1
       422       468       478       479       469         1
       423       469       479       480       470         1
       424       471       481       482       472         1
       425       472       482       483       473         1
       426       473       483       484       474         1
       427       474       484       485       475         1
       428       475       485       486       476         1
       429       476       486       487       477         1
       430       477       487       488       478         1
       431       478       488       489       479         1
       432       479       489       490       480         1
       433       481       491       492       482         1
       434       482       492       493       483         1
       435       483       493       494       484         1
       436       484       494       495       485         1
       437       485       495       496       486         1
       438       486       496       497       487         1
       439       487       497       498       488         1
       440       488       498       499       489         1
       441       489       499       500       490         1
       442       491       501       502       492         1
       443       492       502       503       493         1
       444       493       503       504       494         1
       445       494       504       505       495         1
       446       495       505       506       496         1
       447       496       506       507       497         1
       448       497       507       508       498         1
       449       498       508       509       499         1
       450       499       509       510       500         1
       451       501       511       512       502         1
       452       502       512       513       503         1
       453       503       513       514       504         1
       454       504       514       515       505         1
       455       505       515       516       506         1
       456       506       516       517       507         1
       457       507       517       518       508         1
       458       508       518       519       509         1
       459       509       519       520       510         1
       460       511       521       522       512         1
       461       512       522       523       513         1
       462       513       523       524       514         1
       463       514       524       525       515         1
       464       515       525       526       516         1
       465       516       526       527       517         1
       466       517       527       528       518         1
       467       518       528       529       519         1
       468       519       529       530       520         1
       469       521       531       532       522         1
       470       522       532       533       523         1
       471       523       533       534       524         1
       472       524       534       535       525         1
       473       525       535       536       526         1
       474       526       536       537       527         1
       475       527       537       538       528         1
       476       528       538       539       529         1
       477       529       539       540       530         1
       478       531       541       542       532         1
       479       532       542       543       533         1
       480       533       543       544       534         1
       481       534       544       545       535         1
       482       535       545       546       536         1
       483       536       546       547       537         1
       484       537       547       548       538         1
       485       538       548       549       539         1
       486       539       549       550       540         1
       487       541       551       552       542         1
       488       542       552       553       543         1
       489       543       553       554       544         1
       490       544       554       555       545         1
       491       545       555       556       546         1
       492       546       556       557       547         1
       493       547       557       558       548         1
       494       548       558       559       549         1
       495       549       559       560       550         1
       496       551       561       562       552         1
       497       552       562       563       553         1
       498       553       563       564       554         1
       499       554       564       565       555         1
       500       555       565       566       556         1
       501       556       566       567       557         1
       502       557       567       568       558         1
       503       558       568       569       559         1
       504       559       569       570       560         1
       505       561       571       572       562         1
       506       562       572       573       563         1
       507       563       573       574       564         1
       508       564       574       575       565         1
       509       565       575       576       566         1
       510       566       576       577       567         1
       511       567       577       578       568         1
       512       568       578       579       569         1
       513       569       579       580       570         1
       514       571       581       582       572         1
       515       572       582       583       573         1
       516       573       583       584       574         1
       517       574       584       585       575         1
       518       575       585       586       576         1
       519       576       586       587       577         1
       520       577       587       588       578         1
       521       578       588       589       579         1
       522       579       589       590       580         1
       523       581       591       592       582         1
       524       582       592       593       583         1
       525       583       593       594       584         1
       526       584       594       595       585         1
       527       585       595       596       586         1
       528       586       596       597       587         1
       529       587       597       598       588         1
       530       588       598       599       589         1
       531       589       599       600       590         1
       532       591       601       602       592         1
       533       592       602       603       593         1
       534       593       603       604       594         1
       535       594       604       605       595         1
       536       595       605       606       596         1
       537       596       606       607       597         1
       538       597       607       608       598         1
       539       598       608       609       599         1
       540       599       609       610       600         1
       541       601       611       612       602         1
       542       602       612       613       603         1
       543       603       613       614       604         1
       544       604       614       615       605         1
       545       605       615       616       606         1
       546       606       616       617       607         1
       547       607       617       618       608         1
       548       608       618       619       609         1
       549       609       619       620       610         1
       550       611       621       622       612         1
       551       612       622       623       613         1
       552       613       623       624       614         1
       553       614       624       625       615         1
       554       615       625       626       616         1
       555       616       626       627       617         1
       556       617       627       628       618         1
       557       618       628       629       619         1
       558       619       629       630       620         1
       559       621       631       632       622         1
       560       622       632       633       623         1
       561       623       633       634       624         1
       562       624       634       635       625         1
       563       625       635       636       626         1
       564       626       636       637       627         1
       565       627       637       638       628         1
       566       628       638       639       629         1
       567       629       639       640       630         1
       568       631       641       642       632         1
       569       632       642       643       633         1
       570       633       643       644       634         1
       571       634       644       645       635         1
       572       635       645       646       636         1
       573       636       646       647       637         1
       574       637       647       648       638         1
       575       638       648       649       639         1
       576       639       649       650       640         1
       577       641       651       652       642         1
       578       642       652       653       643         1
       579       643       653       654       644         1
       580       644       654       655       645         1
       581       645       655       656       646         1
       582       646       656       657       647         1
       583       647       657       658       648         1
       584       648       658       659       649         1
       585       649       659       660       650         1
       586       651       661       662       652         1
       587       652       662       663       653         1
       588       653       663       664       654         1
       589       654       664       665       655         1
       590       655       665       666       656         1
       591       656       666       667       657         1
       592       657       667       668       658         1
       593       658       668       669       659         1
       594       659       669       670       660         1
       595       661       671       672       662         1
       596       662       672       673       663         1
       597       663       673       674       664         1
       598       664       674       675       665         1
       599       665       675       676       666         1
       600       666       676       677       667         1
       601       667       677       678       668         1
       602       668       678       679       669         1
       603       669       679       680       670         1
       604       671       681       682       672         1
       605       672       682       683       673         1
       606       673       683       684       674         1
       607       674       684       685       675         1
       608       675       685       686       676         1
       609       676       686       687       677         1
       610       677       687       688       678         1
       611       678       688       689       679         1
       612       679       689       690       680         1
****************Boundary geometry information**************************************
    n  CodeW  CodeC  CodeH  CodeG  Width
    1 -4    0     -4    -4      0.38
    2 -4    0     -4    -4      0.90
    3 -4    0     -4    -4      1.26
    4 -4    0     -4    -4      1.76
    5 -4    0     -4    -4      2.47
    6 -4    0     -4    -4      3.46
    7 -4    0     -4    -4      4.84
    8 -4    0     -4    -4      6.78
    9 -4    0     -4    -4      9.80
   10 -4    0     -4    -4      5.85
  681   -7   0       1         1      0.38
  682   -7   0       1         1      0.90
  683   -7   0       1         1      1.26
  684   -7   0       1         1      1.76
  685   -7   0       1         1      2.47
  686   -7   0       1         1      3.46
  687   -7   0       1         1      4.84
  688   -7   0       1         1      6.78
  689   -7   0       1         1      9.80
  690   -7   0       1         1      5.85
***************************Seepage face information********************************************
NSeep
  0
***************************Drainage Boundaries******************************************
NDrain
0