IJ  E00  n00   NumNP  NumEl NMAt  BC  GasBCTop   GasBCBottom
 10 1   1  690   612  0  -7   -4   1
x(j): 
 0  0.75  1.79999995231628  3.26999998092651  5.32800006866455  8.20919990539551  12.2428798675537  17.8900318145752  25.7960453033447  37.5 
y(i): 1->(NumNP-n00)/IJ+1
 200  199 
 198 
 195  192 
 190  188 
 185  182  178.997 
 175  171.003  168 
 165  162 
 160  158 
 155  152 
 150  148 
 145  142  138.997  135.991  132.982 
 130  127.018  124.009  121.003  118 
 115  112  108.997  105.991  102.982 
 100  97.01801  94.009  91.003  88 
 85  82  78.997  75.991  72.98199  69.96997 
 67.5  65.03003  62.01801  59.009  56.003  53 
 50  47  43.997  40.991  37.98199  34.96997  31.95494  28.9369 
 25  21.0631  18.04506  15.03003  12.01801  9.009003  6.003  3 
